#
00001111000011110000101
00101110000011110000100
00001111000011110000101
00101010000011010000100
00001111000011010000101
00101110000001110000100
00001111000011110000101
00101110000011110000100
@
#
10101010100001010100110
10101101010101100101010
10101010110110100100010
11110110110001010100101
10101011010010100010101
10101100001110101001010
10101010101001000010101
11110000101010101000101
@
#
10001101010101000001010
00000000000000000000000
11111111111111111111111
11111100000001111111100
10101010000000000010000
@
#
10101010101010100000000
11111100110000000111110
11010101000000000101001
@